(kicad_pcb (version 20171130) (host pcbnew "(5.1.6)-1")

  (general
    (thickness 1.6)
    (drawings 4)
    (tracks 332)
    (zones 0)
    (modules 47)
    (nets 53)
  )

  (page USLetter)
  (layers
    (0 F.Cu signal)
    (31 B.Cu signal)
    (32 B.Adhes user)
    (33 F.Adhes user)
    (34 B.Paste user)
    (35 F.Paste user)
    (36 B.SilkS user)
    (37 F.SilkS user)
    (38 B.Mask user)
    (39 F.Mask user)
    (40 Dwgs.User user)
    (41 Cmts.User user)
    (42 Eco1.User user)
    (43 Eco2.User user)
    (44 Edge.Cuts user)
    (45 Margin user)
    (46 B.CrtYd user)
    (47 F.CrtYd user)
    (48 B.Fab user)
    (49 F.Fab user)
  )

  (setup
    (last_trace_width 0.25)
    (trace_clearance 0.2)
    (zone_clearance 0.508)
    (zone_45_only no)
    (trace_min 0.2)
    (via_size 0.8)
    (via_drill 0.4)
    (via_min_size 0.4)
    (via_min_drill 0.3)
    (uvia_size 0.3)
    (uvia_drill 0.1)
    (uvias_allowed no)
    (uvia_min_size 0.2)
    (uvia_min_drill 0.1)
    (edge_width 0.15)
    (segment_width 0.2)
    (pcb_text_width 0.3)
    (pcb_text_size 1.5 1.5)
    (mod_edge_width 0.15)
    (mod_text_size 1 1)
    (mod_text_width 0.15)
    (pad_size 1.524 1.524)
    (pad_drill 0.762)
    (pad_to_mask_clearance 0.2)
    (aux_axis_origin 0 0)
    (visible_elements 7FFFFFFF)
    (pcbplotparams
      (layerselection 0x010f0_ffffffff)
      (usegerberextensions false)
      (usegerberattributes false)
      (usegerberadvancedattributes false)
      (creategerberjobfile false)
      (excludeedgelayer false)
      (linewidth 0.635000)
      (plotframeref false)
      (viasonmask false)
      (mode 1)
      (useauxorigin false)
      (hpglpennumber 1)
      (hpglpenspeed 20)
      (hpglpendiameter 15.000000)
      (psnegative false)
      (psa4output false)
      (plotreference false)
      (plotvalue false)
      (plotinvisibletext false)
      (padsonsilk false)
      (subtractmaskfromsilk false)
      (outputformat 1)
      (mirror false)
      (drillshape 0)
      (scaleselection 1)
      (outputdirectory "./plots/"))
  )

  (net 0 "")
  (net 1 GND)
  (net 2 "Net-(C1-Pad1)")
  (net 3 "Net-(C2-Pad1)")
  (net 4 "Net-(C3-Pad1)")
  (net 5 "Net-(C5-Pad1)")
  (net 6 "Net-(C6-Pad1)")
  (net 7 +3V3)
  (net 8 "Net-(D1-Pad1)")
  (net 9 "Net-(D1-Pad2)")
  (net 10 +12V)
  (net 11 +5V)
  (net 12 "Net-(DS1-Pad3)")
  (net 13 LCD_RESET)
  (net 14 LCD_ENABLE)
  (net 15 LCD_D4)
  (net 16 LCD_D5)
  (net 17 LCD_D6)
  (net 18 LCD_D7)
  (net 19 "Net-(M1-Pad1)")
  (net 20 "Net-(M1-Pad2)")
  (net 21 "Net-(M1-Pad3)")
  (net 22 "Net-(M1-Pad4)")
  (net 23 "Net-(M2-Pad4)")
  (net 24 "Net-(M2-Pad3)")
  (net 25 "Net-(M2-Pad2)")
  (net 26 "Net-(M2-Pad1)")
  (net 27 "Net-(M3-Pad1)")
  (net 28 "Net-(M3-Pad2)")
  (net 29 "Net-(M3-Pad3)")
  (net 30 "Net-(M3-Pad4)")
  (net 31 STEP)
  (net 32 Microstep_Mode_3)
  (net 33 Microstep_Mode_2)
  (net 34 Microstep_Mode_1)
  (net 35 Motor_1_ON)
  (net 36 Motor_2_ON)
  (net 37 Motor_3_ON)
  (net 38 "Net-(R1-Pad1)")
  (net 39 "Net-(R3-Pad1)")
  (net 40 "Net-(R5-Pad2)")
  (net 41 "Net-(R12-Pad1)")
  (net 42 "Net-(R10-Pad1)")
  (net 43 "Net-(R11-Pad1)")
  (net 44 Motor_3_Switch)
  (net 45 Motor_1_Switch)
  (net 46 Motor_2_Switch)
  (net 47 "RPM(-)")
  (net 48 "RPM(+)")
  (net 49 SAVE)
  (net 50 "Net-(C4-Pad1)")
  (net 51 "Net-(C8-Pad1)")
  (net 52 "Net-(C8-Pad2)")

  (net_class Default "This is the default net class."
    (clearance 0.2)
    (trace_width 0.25)
    (via_dia 0.8)
    (via_drill 0.4)
    (uvia_dia 0.3)
    (uvia_drill 0.1)
    (add_net "Net-(DS1-Pad10)")
    (add_net "Net-(DS1-Pad7)")
    (add_net "Net-(DS1-Pad8)")
    (add_net "Net-(DS1-Pad9)")
    (add_net "Net-(J1-Pad3)")
    (add_net "Net-(Module1-Pad10)")
    (add_net "Net-(Module1-Pad5)")
    (add_net "Net-(Module1-Pad6)")
    (add_net "Net-(Module1-Pad7)")
    (add_net "Net-(Module3-Pad10)")
    (add_net "Net-(Module3-Pad5)")
    (add_net "Net-(Module3-Pad6)")
    (add_net "Net-(Module3-Pad7)")
    (add_net "Net-(Module4-Pad10)")
    (add_net "Net-(Module4-Pad5)")
    (add_net "Net-(Module4-Pad6)")
    (add_net "Net-(Module4-Pad7)")
    (add_net "Net-(Module5-Pad10)")
    (add_net "Net-(Module5-Pad11)")
    (add_net "Net-(Module5-Pad21)")
    (add_net "Net-(Module5-Pad22)")
    (add_net "Net-(Module5-Pad23)")
    (add_net "Net-(Module5-Pad24)")
    (add_net "Net-(Module5-Pad25)")
    (add_net "Net-(Module5-Pad26)")
    (add_net "Net-(Module5-Pad30)")
    (add_net "Net-(Module5-Pad31)")
    (add_net "Net-(Module5-Pad32)")
    (add_net "Net-(Module5-Pad37)")
    (add_net "Net-(Module5-Pad38)")
    (add_net "Net-(Module5-Pad6)")
    (add_net "Net-(Module5-Pad8)")
    (add_net "Net-(Module5-Pad9)")
  )

  (net_class Motor ""
    (clearance 0.2)
    (trace_width 1)
    (via_dia 0.8)
    (via_drill 0.4)
    (uvia_dia 0.3)
    (uvia_drill 0.1)
    (add_net +12V)
    (add_net GND)
    (add_net "Net-(C8-Pad1)")
    (add_net "Net-(C8-Pad2)")
    (add_net "Net-(D1-Pad1)")
    (add_net "Net-(D1-Pad2)")
    (add_net "Net-(M1-Pad1)")
    (add_net "Net-(M1-Pad2)")
    (add_net "Net-(M1-Pad3)")
    (add_net "Net-(M1-Pad4)")
    (add_net "Net-(M2-Pad1)")
    (add_net "Net-(M2-Pad2)")
    (add_net "Net-(M2-Pad3)")
    (add_net "Net-(M2-Pad4)")
    (add_net "Net-(M3-Pad1)")
    (add_net "Net-(M3-Pad2)")
    (add_net "Net-(M3-Pad3)")
    (add_net "Net-(M3-Pad4)")
  )

  (net_class POWER ""
    (clearance 0.2)
    (trace_width 0.635)
    (via_dia 1.25)
    (via_drill 0.6)
    (uvia_dia 0.3)
    (uvia_drill 0.1)
    (add_net +3V3)
    (add_net +5V)
    (add_net LCD_D4)
    (add_net LCD_D5)
    (add_net LCD_D6)
    (add_net LCD_D7)
    (add_net LCD_ENABLE)
    (add_net LCD_RESET)
    (add_net Microstep_Mode_1)
    (add_net Microstep_Mode_2)
    (add_net Microstep_Mode_3)
    (add_net Motor_1_ON)
    (add_net Motor_2_ON)
    (add_net Motor_3_ON)
    (add_net "Net-(C1-Pad1)")
    (add_net "Net-(C2-Pad1)")
    (add_net "Net-(C3-Pad1)")
    (add_net "Net-(C4-Pad1)")
    (add_net "Net-(C5-Pad1)")
    (add_net "Net-(C6-Pad1)")
    (add_net "Net-(DS1-Pad3)")
    (add_net "Net-(R1-Pad1)")
    (add_net "Net-(R10-Pad1)")
    (add_net "Net-(R11-Pad1)")
    (add_net "Net-(R12-Pad1)")
    (add_net "Net-(R3-Pad1)")
    (add_net "Net-(R5-Pad2)")
    (add_net STEP)
  )

  (net_class Signal ""
    (clearance 0.2)
    (trace_width 0.2)
    (via_dia 1)
    (via_drill 0.4)
    (uvia_dia 0.3)
    (uvia_drill 0.1)
    (add_net Motor_1_Switch)
    (add_net Motor_2_Switch)
    (add_net Motor_3_Switch)
    (add_net "RPM(+)")
    (add_net "RPM(-)")
    (add_net SAVE)
  )

  (module Capacitor_SMD:C_0805_2012Metric_Pad1.15x1.40mm_HandSolder (layer B.Cu) (tedit 5B36C52B) (tstamp 5BDC6E4A)
    (at 70.73 132.715 180)
    (descr "Capacitor SMD 0805 (2012 Metric), square (rectangular) end terminal, IPC_7351 nominal with elongated pad for handsoldering. (Body size source: https://docs.google.com/spreadsheets/d/1BsfQQcO9C6DZCsRaXUlFlo91Tg2WpOkGARC1WS5S8t0/edit?usp=sharing), generated with kicad-footprint-generator")
    (tags "capacitor handsolder")
    (path /5B90D6E9)
    (attr smd)
    (fp_text reference C2 (at 0 -1.905 180) (layer B.SilkS)
      (effects (font (size 1 1) (thickness 0.15)) (justify mirror))
    )
    (fp_text value 100n (at 0.245 -3.175 180) (layer B.Fab)
      (effects (font (size 1 1) (thickness 0.15)) (justify mirror))
    )
    (fp_line (start 1.85 -0.95) (end -1.85 -0.95) (layer B.CrtYd) (width 0.05))
    (fp_line (start 1.85 0.95) (end 1.85 -0.95) (layer B.CrtYd) (width 0.05))
    (fp_line (start -1.85 0.95) (end 1.85 0.95) (layer B.CrtYd) (width 0.05))
    (fp_line (start -1.85 -0.95) (end -1.85 0.95) (layer B.CrtYd) (width 0.05))
    (fp_line (start -0.261252 -0.71) (end 0.261252 -0.71) (layer B.SilkS) (width 0.12))
    (fp_line (start -0.261252 0.71) (end 0.261252 0.71) (layer B.SilkS) (width 0.12))
    (fp_line (start 1 -0.6) (end -1 -0.6) (layer B.Fab) (width 0.1))
    (fp_line (start 1 0.6) (end 1 -0.6) (layer B.Fab) (width 0.1))
    (fp_line (start -1 0.6) (end 1 0.6) (layer B.Fab) (width 0.1))
    (fp_line (start -1 -0.6) (end -1 0.6) (layer B.Fab) (width 0.1))
    (fp_text user %R (at 0 0 180) (layer B.Fab)
      (effects (font (size 0.5 0.5) (thickness 0.08)) (justify mirror))
    )
    (pad 1 smd roundrect (at -1.025 0 180) (size 1.15 1.4) (layers B.Cu B.Paste B.Mask) (roundrect_rratio 0.217391)
      (net 3 "Net-(C2-Pad1)"))
    (pad 2 smd roundrect (at 1.025 0 180) (size 1.15 1.4) (layers B.Cu B.Paste B.Mask) (roundrect_rratio 0.217391)
      (net 1 GND))
    (model ${KISYS3DMOD}/Capacitor_SMD.3dshapes/C_0805_2012Metric.wrl
      (at (xyz 0 0 0))
      (scale (xyz 1 1 1))
      (rotate (xyz 0 0 0))
    )
  )

  (module modules:MP1584_adj (layer F.Cu) (tedit 5B465E26) (tstamp 5BDC15C2)
    (at 146.05 112.141 270)
    (path /5B847C03)
    (fp_text reference Module2 (at 0 1.27 270) (layer F.SilkS)
      (effects (font (size 1 1) (thickness 0.15)))
    )
    (fp_text value MP1584EN_adj_down (at 0 -0.5 270) (layer F.SilkS)
      (effects (font (size 1 1) (thickness 0.15)))
    )
    (fp_line (start -11.049 8.382) (end -11.049 -8.382) (layer F.SilkS) (width 0.15))
    (fp_line (start 11.049 8.382) (end -11.049 8.382) (layer F.SilkS) (width 0.15))
    (fp_line (start 11.049 -8.382) (end 11.049 8.382) (layer F.SilkS) (width 0.15))
    (fp_line (start -11.049 -8.382) (end 11.049 -8.382) (layer F.SilkS) (width 0.15))
    (fp_text user IN (at -8.89 0) (layer F.SilkS)
      (effects (font (size 1 1) (thickness 0.15)))
    )
    (fp_text user OUT (at 8.89 0) (layer F.SilkS)
      (effects (font (size 1 1) (thickness 0.15)))
    )
    (fp_text user "(-)" (at -7.112 -5.334 270) (layer F.SilkS)
      (effects (font (size 1 1) (thickness 0.15)))
    )
    (fp_text user "(-)" (at 7.112 -5.334 270) (layer F.SilkS)
      (effects (font (size 1 1) (thickness 0.15)))
    )
    (fp_text user "(+)" (at -7.112 5.334 270) (layer F.SilkS)
      (effects (font (size 1 1) (thickness 0.15)))
    )
    (fp_text user "(+)" (at 7.112 5.334 270) (layer F.SilkS)
      (effects (font (size 1 1) (thickness 0.15)))
    )
    (pad 1 thru_hole circle (at -9.271 -6.604 270) (size 1.524 1.524) (drill 0.762) (layers *.Cu *.Mask)
      (net 52 "Net-(C8-Pad2)"))
    (pad 2 thru_hole circle (at -9.271 6.604 270) (size 1.524 1.524) (drill 0.762) (layers *.Cu *.Mask)
      (net 10 +12V))
    (pad 3 thru_hole circle (at 9.271 6.604 270) (size 1.524 1.524) (drill 0.762) (layers *.Cu *.Mask)
      (net 11 +5V))
    (pad 4 thru_hole circle (at 9.271 -6.604 270) (size 1.524 1.524) (drill 0.762) (layers *.Cu *.Mask)
      (net 1 GND))
    (pad 1 thru_hole circle (at -9.271 -4.064 270) (size 1.524 1.524) (drill 0.762) (layers *.Cu *.Mask)
      (net 52 "Net-(C8-Pad2)"))
    (pad 2 thru_hole circle (at -9.271 4.064 270) (size 1.524 1.524) (drill 0.762) (layers *.Cu *.Mask)
      (net 10 +12V))
    (pad 4 thru_hole circle (at 9.271 -4.064 270) (size 1.524 1.524) (drill 0.762) (layers *.Cu *.Mask)
      (net 1 GND))
    (pad 3 thru_hole circle (at 9.271 4.064 270) (size 1.524 1.524) (drill 0.762) (layers *.Cu *.Mask)
      (net 11 +5V))
  )

  (module Display:WC1602A (layer F.Cu) (tedit 5A02FE80) (tstamp 5BDC1543)
    (at 63.5 77.47)
    (descr "LCD 16x2 http://www.wincomlcd.com/pdf/WC1602A-SFYLYHTC06.pdf")
    (tags "LCD 16x2 Alphanumeric 16pin")
    (path /5B84D849)
    (fp_text reference DS1 (at 0 3.81) (layer F.SilkS)
      (effects (font (size 1 1) (thickness 0.15)))
    )
    (fp_text value WC1602A (at -4.31 34.66) (layer F.Fab)
      (effects (font (size 1 1) (thickness 0.15)))
    )
    (fp_line (start -8 33.5) (end -8 -2.5) (layer F.Fab) (width 0.1))
    (fp_line (start 72 33.5) (end -8 33.5) (layer F.Fab) (width 0.1))
    (fp_line (start 72 -2.5) (end 72 33.5) (layer F.Fab) (width 0.1))
    (fp_line (start 1 -2.5) (end 72 -2.5) (layer F.Fab) (width 0.1))
    (fp_line (start -5 28) (end -5 3) (layer F.SilkS) (width 0.12))
    (fp_line (start 68 28) (end -5 28) (layer F.SilkS) (width 0.12))
    (fp_line (start 68 3) (end 68 28) (layer F.SilkS) (width 0.12))
    (fp_line (start -5 3) (end 68 3) (layer F.SilkS) (width 0.12))
    (fp_line (start 64.2 8.5) (end 64.2 22.5) (layer F.SilkS) (width 0.12))
    (fp_line (start 63.70066 23) (end 0.2 23) (layer F.SilkS) (width 0.12))
    (fp_line (start -0.29972 22.49932) (end -0.29972 8.5) (layer F.SilkS) (width 0.12))
    (fp_line (start 0.2 8) (end 63.7 8) (layer F.SilkS) (width 0.12))
    (fp_line (start -1 -2.5) (end -8 -2.5) (layer F.Fab) (width 0.1))
    (fp_line (start 0 -1.5) (end -1 -2.5) (layer F.Fab) (width 0.1))
    (fp_line (start 1 -2.5) (end 0 -1.5) (layer F.Fab) (width 0.1))
    (fp_line (start -8.25 -2.75) (end 72.25 -2.75) (layer F.CrtYd) (width 0.05))
    (fp_line (start -1.5 -3) (end 1.5 -3) (layer F.SilkS) (width 0.12))
    (fp_line (start 72.25 -2.75) (end 72.25 33.75) (layer F.CrtYd) (width 0.05))
    (fp_line (start -8.25 33.75) (end 72.25 33.75) (layer F.CrtYd) (width 0.05))
    (fp_line (start -8.25 -2.75) (end -8.25 33.75) (layer F.CrtYd) (width 0.05))
    (fp_line (start -8.13 -2.64) (end -7.34 -2.64) (layer F.SilkS) (width 0.12))
    (fp_line (start -8.14 -2.64) (end -8.14 33.64) (layer F.SilkS) (width 0.12))
    (fp_line (start 72.14 -2.64) (end -7.34 -2.64) (layer F.SilkS) (width 0.12))
    (fp_line (start 72.14 33.64) (end 72.14 -2.64) (layer F.SilkS) (width 0.12))
    (fp_line (start -8.14 33.64) (end 72.14 33.64) (layer F.SilkS) (width 0.12))
    (fp_text user %R (at 30.37 14.74) (layer F.Fab)
      (effects (font (size 1 1) (thickness 0.1)))
    )
    (fp_arc (start 63.7 8.5) (end 63.7 8) (angle 90) (layer F.SilkS) (width 0.12))
    (fp_arc (start 63.70066 22.49932) (end 64.20104 22.49932) (angle 90) (layer F.SilkS) (width 0.12))
    (fp_arc (start 0.20066 22.49932) (end 0.20066 22.9997) (angle 90) (layer F.SilkS) (width 0.12))
    (fp_arc (start 0.20066 8.49884) (end -0.29972 8.49884) (angle 90) (layer F.SilkS) (width 0.12))
    (pad 1 thru_hole rect (at 0 0) (size 1.8 2.6) (drill 1.2) (layers *.Cu *.Mask)
      (net 1 GND))
    (pad 2 thru_hole oval (at 2.54 0) (size 1.8 2.6) (drill 1.2) (layers *.Cu *.Mask)
      (net 11 +5V))
    (pad 3 thru_hole oval (at 5.08 0) (size 1.8 2.6) (drill 1.2) (layers *.Cu *.Mask)
      (net 12 "Net-(DS1-Pad3)"))
    (pad 4 thru_hole oval (at 7.62 0) (size 1.8 2.6) (drill 1.2) (layers *.Cu *.Mask)
      (net 13 LCD_RESET))
    (pad 5 thru_hole oval (at 10.16 0) (size 1.8 2.6) (drill 1.2) (layers *.Cu *.Mask)
      (net 1 GND))
    (pad 6 thru_hole oval (at 12.7 0) (size 1.8 2.6) (drill 1.2) (layers *.Cu *.Mask)
      (net 14 LCD_ENABLE))
    (pad 7 thru_hole oval (at 15.24 0) (size 1.8 2.6) (drill 1.2) (layers *.Cu *.Mask))
    (pad 8 thru_hole oval (at 17.78 0) (size 1.8 2.6) (drill 1.2) (layers *.Cu *.Mask))
    (pad 9 thru_hole oval (at 20.32 0) (size 1.8 2.6) (drill 1.2) (layers *.Cu *.Mask))
    (pad 10 thru_hole oval (at 22.86 0) (size 1.8 2.6) (drill 1.2) (layers *.Cu *.Mask))
    (pad 11 thru_hole oval (at 25.4 0) (size 1.8 2.6) (drill 1.2) (layers *.Cu *.Mask)
      (net 15 LCD_D4))
    (pad 12 thru_hole oval (at 27.94 0) (size 1.8 2.6) (drill 1.2) (layers *.Cu *.Mask)
      (net 16 LCD_D5))
    (pad 13 thru_hole oval (at 30.48 0) (size 1.8 2.6) (drill 1.2) (layers *.Cu *.Mask)
      (net 17 LCD_D6))
    (pad 14 thru_hole oval (at 33.02 0) (size 1.8 2.6) (drill 1.2) (layers *.Cu *.Mask)
      (net 18 LCD_D7))
    (pad 15 thru_hole oval (at 35.56 0) (size 1.8 2.6) (drill 1.2) (layers *.Cu *.Mask)
      (net 11 +5V))
    (pad 16 thru_hole oval (at 38.1 0) (size 1.8 2.6) (drill 1.2) (layers *.Cu *.Mask)
      (net 1 GND))
    (pad "" thru_hole circle (at -5.4991 0) (size 3 3) (drill 2.5) (layers *.Cu *.Mask))
    (pad "" thru_hole circle (at -5.4991 31.0007) (size 3 3) (drill 2.5) (layers *.Cu *.Mask))
    (pad "" thru_hole circle (at 69.49948 31.0007) (size 3 3) (drill 2.5) (layers *.Cu *.Mask))
    (pad "" thru_hole circle (at 69.5 0) (size 3 3) (drill 2.5) (layers *.Cu *.Mask))
    (model ${KISYS3DMOD}/Display.3dshapes/WC1602A.wrl
      (at (xyz 0 0 0))
      (scale (xyz 1 1 1))
      (rotate (xyz 0 0 0))
    )
  )

  (module Connector_BarrelJack:BarrelJack_Horizontal (layer F.Cu) (tedit 5A1DBF6A) (tstamp 5B996B71)
    (at 143.51 87.63 270)
    (descr "DC Barrel Jack")
    (tags "Power Jack")
    (path /5B847B66)
    (fp_text reference J1 (at -8.45 5.75 270) (layer F.SilkS)
      (effects (font (size 1 1) (thickness 0.15)))
    )
    (fp_text value "Power In" (at -6.2 -5.5 270) (layer F.Fab)
      (effects (font (size 1 1) (thickness 0.15)))
    )
    (fp_line (start 0 -4.5) (end -13.7 -4.5) (layer F.Fab) (width 0.1))
    (fp_line (start 0.8 4.5) (end 0.8 -3.75) (layer F.Fab) (width 0.1))
    (fp_line (start -13.7 4.5) (end 0.8 4.5) (layer F.Fab) (width 0.1))
    (fp_line (start -13.7 -4.5) (end -13.7 4.5) (layer F.Fab) (width 0.1))
    (fp_line (start -10.2 -4.5) (end -10.2 4.5) (layer F.Fab) (width 0.1))
    (fp_line (start 0.9 -4.6) (end 0.9 -2) (layer F.SilkS) (width 0.12))
    (fp_line (start -13.8 -4.6) (end 0.9 -4.6) (layer F.SilkS) (width 0.12))
    (fp_line (start 0.9 4.6) (end -1 4.6) (layer F.SilkS) (width 0.12))
    (fp_line (start 0.9 1.9) (end 0.9 4.6) (layer F.SilkS) (width 0.12))
    (fp_line (start -13.8 4.6) (end -13.8 -4.6) (layer F.SilkS) (width 0.12))
    (fp_line (start -5 4.6) (end -13.8 4.6) (layer F.SilkS) (width 0.12))
    (fp_line (start -14 4.75) (end -14 -4.75) (layer F.CrtYd) (width 0.05))
    (fp_line (start -5 4.75) (end -14 4.75) (layer F.CrtYd) (width 0.05))
    (fp_line (start -5 6.75) (end -5 4.75) (layer F.CrtYd) (width 0.05))
    (fp_line (start -1 6.75) (end -5 6.75) (layer F.CrtYd) (width 0.05))
    (fp_line (start -1 4.75) (end -1 6.75) (layer F.CrtYd) (width 0.05))
    (fp_line (start 1 4.75) (end -1 4.75) (layer F.CrtYd) (width 0.05))
    (fp_line (start 1 2) (end 1 4.75) (layer F.CrtYd) (width 0.05))
    (fp_line (start 2 2) (end 1 2) (layer F.CrtYd) (width 0.05))
    (fp_line (start 2 -2) (end 2 2) (layer F.CrtYd) (width 0.05))
    (fp_line (start 1 -2) (end 2 -2) (layer F.CrtYd) (width 0.05))
    (fp_line (start 1 -4.5) (end 1 -2) (layer F.CrtYd) (width 0.05))
    (fp_line (start 1 -4.75) (end -14 -4.75) (layer F.CrtYd) (width 0.05))
    (fp_line (start 1 -4.5) (end 1 -4.75) (layer F.CrtYd) (width 0.05))
    (fp_line (start 0.05 -4.8) (end 1.1 -4.8) (layer F.SilkS) (width 0.12))
    (fp_line (start 1.1 -3.75) (end 1.1 -4.8) (layer F.SilkS) (width 0.12))
    (fp_line (start -0.003213 -4.505425) (end 0.8 -3.75) (layer F.Fab) (width 0.1))
    (fp_text user %R (at -3 -2.95 270) (layer F.Fab)
      (effects (font (size 1 1) (thickness 0.15)))
    )
    (pad 1 thru_hole rect (at 0 0 270) (size 3.5 3.5) (drill oval 1 3) (layers *.Cu *.Mask)
      (net 8 "Net-(D1-Pad1)"))
    (pad 2 thru_hole roundrect (at -6 0 270) (size 3 3.5) (drill oval 1 3) (layers *.Cu *.Mask) (roundrect_rratio 0.25)
      (net 52 "Net-(C8-Pad2)"))
    (pad 3 thru_hole roundrect (at -3 4.7 270) (size 3.5 3.5) (drill oval 3 1) (layers *.Cu *.Mask) (roundrect_rratio 0.25))
    (model ${KISYS3DMOD}/Connector_BarrelJack.3dshapes/BarrelJack_Horizontal.wrl
      (at (xyz 0 0 0))
      (scale (xyz 1 1 1))
      (rotate (xyz 0 0 0))
    )
  )

  (module Capacitor_SMD:C_0805_2012Metric_Pad1.15x1.40mm_HandSolder (layer B.Cu) (tedit 5B36C52B) (tstamp 5BDC6E7A)
    (at 77.225 112.395 180)
    (descr "Capacitor SMD 0805 (2012 Metric), square (rectangular) end terminal, IPC_7351 nominal with elongated pad for handsoldering. (Body size source: https://docs.google.com/spreadsheets/d/1BsfQQcO9C6DZCsRaXUlFlo91Tg2WpOkGARC1WS5S8t0/edit?usp=sharing), generated with kicad-footprint-generator")
    (tags "capacitor handsolder")
    (path /5B89FA42)
    (attr smd)
    (fp_text reference C1 (at -2.785 0 180) (layer B.SilkS)
      (effects (font (size 1 1) (thickness 0.15)) (justify mirror))
    )
    (fp_text value 100n (at -0.245 1.905 180) (layer B.Fab)
      (effects (font (size 1 1) (thickness 0.15)) (justify mirror))
    )
    (fp_line (start -1 -0.6) (end -1 0.6) (layer B.Fab) (width 0.1))
    (fp_line (start -1 0.6) (end 1 0.6) (layer B.Fab) (width 0.1))
    (fp_line (start 1 0.6) (end 1 -0.6) (layer B.Fab) (width 0.1))
    (fp_line (start 1 -0.6) (end -1 -0.6) (layer B.Fab) (width 0.1))
    (fp_line (start -0.261252 0.71) (end 0.261252 0.71) (layer B.SilkS) (width 0.12))
    (fp_line (start -0.261252 -0.71) (end 0.261252 -0.71) (layer B.SilkS) (width 0.12))
    (fp_line (start -1.85 -0.95) (end -1.85 0.95) (layer B.CrtYd) (width 0.05))
    (fp_line (start -1.85 0.95) (end 1.85 0.95) (layer B.CrtYd) (width 0.05))
    (fp_line (start 1.85 0.95) (end 1.85 -0.95) (layer B.CrtYd) (width 0.05))
    (fp_line (start 1.85 -0.95) (end -1.85 -0.95) (layer B.CrtYd) (width 0.05))
    (fp_text user %R (at 0 0 180) (layer B.Fab)
      (effects (font (size 0.5 0.5) (thickness 0.08)) (justify mirror))
    )
    (pad 2 smd roundrect (at 1.025 0 180) (size 1.15 1.4) (layers B.Cu B.Paste B.Mask) (roundrect_rratio 0.217391)
      (net 1 GND))
    (pad 1 smd roundrect (at -1.025 0 180) (size 1.15 1.4) (layers B.Cu B.Paste B.Mask) (roundrect_rratio 0.217391)
      (net 2 "Net-(C1-Pad1)"))
    (model ${KISYS3DMOD}/Capacitor_SMD.3dshapes/C_0805_2012Metric.wrl
      (at (xyz 0 0 0))
      (scale (xyz 1 1 1))
      (rotate (xyz 0 0 0))
    )
  )

  (module Capacitor_SMD:C_0805_2012Metric_Pad1.15x1.40mm_HandSolder (layer B.Cu) (tedit 5B36C52B) (tstamp 5BDCEE53)
    (at 71.365 112.395)
    (descr "Capacitor SMD 0805 (2012 Metric), square (rectangular) end terminal, IPC_7351 nominal with elongated pad for handsoldering. (Body size source: https://docs.google.com/spreadsheets/d/1BsfQQcO9C6DZCsRaXUlFlo91Tg2WpOkGARC1WS5S8t0/edit?usp=sharing), generated with kicad-footprint-generator")
    (tags "capacitor handsolder")
    (path /5B89CAF5)
    (attr smd)
    (fp_text reference C3 (at -2.785 0) (layer B.SilkS)
      (effects (font (size 1 1) (thickness 0.15)) (justify mirror))
    )
    (fp_text value 100n (at -0.245 -1.905) (layer B.Fab)
      (effects (font (size 1 1) (thickness 0.15)) (justify mirror))
    )
    (fp_line (start 1.85 -0.95) (end -1.85 -0.95) (layer B.CrtYd) (width 0.05))
    (fp_line (start 1.85 0.95) (end 1.85 -0.95) (layer B.CrtYd) (width 0.05))
    (fp_line (start -1.85 0.95) (end 1.85 0.95) (layer B.CrtYd) (width 0.05))
    (fp_line (start -1.85 -0.95) (end -1.85 0.95) (layer B.CrtYd) (width 0.05))
    (fp_line (start -0.261252 -0.71) (end 0.261252 -0.71) (layer B.SilkS) (width 0.12))
    (fp_line (start -0.261252 0.71) (end 0.261252 0.71) (layer B.SilkS) (width 0.12))
    (fp_line (start 1 -0.6) (end -1 -0.6) (layer B.Fab) (width 0.1))
    (fp_line (start 1 0.6) (end 1 -0.6) (layer B.Fab) (width 0.1))
    (fp_line (start -1 0.6) (end 1 0.6) (layer B.Fab) (width 0.1))
    (fp_line (start -1 -0.6) (end -1 0.6) (layer B.Fab) (width 0.1))
    (fp_text user %R (at 0 0) (layer B.Fab)
      (effects (font (size 0.5 0.5) (thickness 0.08)) (justify mirror))
    )
    (pad 1 smd roundrect (at -1.025 0) (size 1.15 1.4) (layers B.Cu B.Paste B.Mask) (roundrect_rratio 0.217391)
      (net 4 "Net-(C3-Pad1)"))
    (pad 2 smd roundrect (at 1.025 0) (size 1.15 1.4) (layers B.Cu B.Paste B.Mask) (roundrect_rratio 0.217391)
      (net 1 GND))
    (model ${KISYS3DMOD}/Capacitor_SMD.3dshapes/C_0805_2012Metric.wrl
      (at (xyz 0 0 0))
      (scale (xyz 1 1 1))
      (rotate (xyz 0 0 0))
    )
  )

  (module Capacitor_SMD:C_0805_2012Metric_Pad1.15x1.40mm_HandSolder (layer B.Cu) (tedit 5B36C52B) (tstamp 5BDC6CFA)
    (at 107.705 116.655 180)
    (descr "Capacitor SMD 0805 (2012 Metric), square (rectangular) end terminal, IPC_7351 nominal with elongated pad for handsoldering. (Body size source: https://docs.google.com/spreadsheets/d/1BsfQQcO9C6DZCsRaXUlFlo91Tg2WpOkGARC1WS5S8t0/edit?usp=sharing), generated with kicad-footprint-generator")
    (tags "capacitor handsolder")
    (path /5B89692E)
    (attr smd)
    (fp_text reference C5 (at 0 1.72 180) (layer B.SilkS)
      (effects (font (size 1 1) (thickness 0.15)) (justify mirror))
    )
    (fp_text value 100n (at 0 -1.65 180) (layer B.Fab)
      (effects (font (size 1 1) (thickness 0.15)) (justify mirror))
    )
    (fp_line (start 1.85 -0.95) (end -1.85 -0.95) (layer B.CrtYd) (width 0.05))
    (fp_line (start 1.85 0.95) (end 1.85 -0.95) (layer B.CrtYd) (width 0.05))
    (fp_line (start -1.85 0.95) (end 1.85 0.95) (layer B.CrtYd) (width 0.05))
    (fp_line (start -1.85 -0.95) (end -1.85 0.95) (layer B.CrtYd) (width 0.05))
    (fp_line (start -0.261252 -0.71) (end 0.261252 -0.71) (layer B.SilkS) (width 0.12))
    (fp_line (start -0.261252 0.71) (end 0.261252 0.71) (layer B.SilkS) (width 0.12))
    (fp_line (start 1 -0.6) (end -1 -0.6) (layer B.Fab) (width 0.1))
    (fp_line (start 1 0.6) (end 1 -0.6) (layer B.Fab) (width 0.1))
    (fp_line (start -1 0.6) (end 1 0.6) (layer B.Fab) (width 0.1))
    (fp_line (start -1 -0.6) (end -1 0.6) (layer B.Fab) (width 0.1))
    (fp_text user %R (at 0 0 180) (layer B.Fab)
      (effects (font (size 0.5 0.5) (thickness 0.08)) (justify mirror))
    )
    (pad 1 smd roundrect (at -1.025 0 180) (size 1.15 1.4) (layers B.Cu B.Paste B.Mask) (roundrect_rratio 0.217391)
      (net 5 "Net-(C5-Pad1)"))
    (pad 2 smd roundrect (at 1.025 0 180) (size 1.15 1.4) (layers B.Cu B.Paste B.Mask) (roundrect_rratio 0.217391)
      (net 1 GND))
    (model ${KISYS3DMOD}/Capacitor_SMD.3dshapes/C_0805_2012Metric.wrl
      (at (xyz 0 0 0))
      (scale (xyz 1 1 1))
      (rotate (xyz 0 0 0))
    )
  )

  (module Capacitor_SMD:C_0805_2012Metric_Pad1.15x1.40mm_HandSolder (layer B.Cu) (tedit 5B36C52B) (tstamp 5BDCF26B)
    (at 121.675 116.84 180)
    (descr "Capacitor SMD 0805 (2012 Metric), square (rectangular) end terminal, IPC_7351 nominal with elongated pad for handsoldering. (Body size source: https://docs.google.com/spreadsheets/d/1BsfQQcO9C6DZCsRaXUlFlo91Tg2WpOkGARC1WS5S8t0/edit?usp=sharing), generated with kicad-footprint-generator")
    (tags "capacitor handsolder")
    (path /5BA22096)
    (attr smd)
    (fp_text reference C6 (at -0.245 1.905 180) (layer B.SilkS)
      (effects (font (size 1 1) (thickness 0.15)) (justify mirror))
    )
    (fp_text value 100n (at 0 -1.65 180) (layer B.Fab)
      (effects (font (size 1 1) (thickness 0.15)) (justify mirror))
    )
    (fp_line (start -1 -0.6) (end -1 0.6) (layer B.Fab) (width 0.1))
    (fp_line (start -1 0.6) (end 1 0.6) (layer B.Fab) (width 0.1))
    (fp_line (start 1 0.6) (end 1 -0.6) (layer B.Fab) (width 0.1))
    (fp_line (start 1 -0.6) (end -1 -0.6) (layer B.Fab) (width 0.1))
    (fp_line (start -0.261252 0.71) (end 0.261252 0.71) (layer B.SilkS) (width 0.12))
    (fp_line (start -0.261252 -0.71) (end 0.261252 -0.71) (layer B.SilkS) (width 0.12))
    (fp_line (start -1.85 -0.95) (end -1.85 0.95) (layer B.CrtYd) (width 0.05))
    (fp_line (start -1.85 0.95) (end 1.85 0.95) (layer B.CrtYd) (width 0.05))
    (fp_line (start 1.85 0.95) (end 1.85 -0.95) (layer B.CrtYd) (width 0.05))
    (fp_line (start 1.85 -0.95) (end -1.85 -0.95) (layer B.CrtYd) (width 0.05))
    (fp_text user %R (at 0 0 180) (layer B.Fab)
      (effects (font (size 0.5 0.5) (thickness 0.08)) (justify mirror))
    )
    (pad 2 smd roundrect (at 1.025 0 180) (size 1.15 1.4) (layers B.Cu B.Paste B.Mask) (roundrect_rratio 0.217391)
      (net 1 GND))
    (pad 1 smd roundrect (at -1.025 0 180) (size 1.15 1.4) (layers B.Cu B.Paste B.Mask) (roundrect_rratio 0.217391)
      (net 6 "Net-(C6-Pad1)"))
    (model ${KISYS3DMOD}/Capacitor_SMD.3dshapes/C_0805_2012Metric.wrl
      (at (xyz 0 0 0))
      (scale (xyz 1 1 1))
      (rotate (xyz 0 0 0))
    )
  )

  (module Capacitor_SMD:C_0805_2012Metric_Pad1.15x1.40mm_HandSolder (layer F.Cu) (tedit 5B36C52B) (tstamp 5BDCAF9F)
    (at 107.705 83.185 180)
    (descr "Capacitor SMD 0805 (2012 Metric), square (rectangular) end terminal, IPC_7351 nominal with elongated pad for handsoldering. (Body size source: https://docs.google.com/spreadsheets/d/1BsfQQcO9C6DZCsRaXUlFlo91Tg2WpOkGARC1WS5S8t0/edit?usp=sharing), generated with kicad-footprint-generator")
    (tags "capacitor handsolder")
    (path /5BA57D4D)
    (attr smd)
    (fp_text reference C7 (at 0 3.175 180) (layer F.SilkS)
      (effects (font (size 1 1) (thickness 0.15)))
    )
    (fp_text value 100n (at 0 1.65 180) (layer F.Fab)
      (effects (font (size 1 1) (thickness 0.15)))
    )
    (fp_line (start -1 0.6) (end -1 -0.6) (layer F.Fab) (width 0.1))
    (fp_line (start -1 -0.6) (end 1 -0.6) (layer F.Fab) (width 0.1))
    (fp_line (start 1 -0.6) (end 1 0.6) (layer F.Fab) (width 0.1))
    (fp_line (start 1 0.6) (end -1 0.6) (layer F.Fab) (width 0.1))
    (fp_line (start -0.261252 -0.71) (end 0.261252 -0.71) (layer F.SilkS) (width 0.12))
    (fp_line (start -0.261252 0.71) (end 0.261252 0.71) (layer F.SilkS) (width 0.12))
    (fp_line (start -1.85 0.95) (end -1.85 -0.95) (layer F.CrtYd) (width 0.05))
    (fp_line (start -1.85 -0.95) (end 1.85 -0.95) (layer F.CrtYd) (width 0.05))
    (fp_line (start 1.85 -0.95) (end 1.85 0.95) (layer F.CrtYd) (width 0.05))
    (fp_line (start 1.85 0.95) (end -1.85 0.95) (layer F.CrtYd) (width 0.05))
    (fp_text user %R (at 0 0 180) (layer F.Fab)
      (effects (font (size 0.5 0.5) (thickness 0.08)))
    )
    (pad 2 smd roundrect (at 1.025 0 180) (size 1.15 1.4) (layers F.Cu F.Paste F.Mask) (roundrect_rratio 0.217391)
      (net 1 GND))
    (pad 1 smd roundrect (at -1.025 0 180) (size 1.15 1.4) (layers F.Cu F.Paste F.Mask) (roundrect_rratio 0.217391)
      (net 7 +3V3))
    (model ${KISYS3DMOD}/Capacitor_SMD.3dshapes/C_0805_2012Metric.wrl
      (at (xyz 0 0 0))
      (scale (xyz 1 1 1))
      (rotate (xyz 0 0 0))
    )
  )

  (module LED_THT:LED_D3.0mm_Clear (layer F.Cu) (tedit 5A6C9BC0) (tstamp 5BDD5F15)
    (at 152.4 90.17 90)
    (descr "IR-LED, diameter 3.0mm, 2 pins, color: clear")
    (tags "IR infrared LED diameter 3.0mm 2 pins clear")
    (path /5B8668DC)
    (fp_text reference D1 (at 1.27 -2.96 90) (layer F.SilkS)
      (effects (font (size 1 1) (thickness 0.15)))
    )
    (fp_text value Polarity (at 1.27 2.96 90) (layer F.Fab)
      (effects (font (size 1 1) (thickness 0.15)))
    )
    (fp_circle (center 1.27 0) (end 2.77 0) (layer F.Fab) (width 0.1))
    (fp_line (start 3.7 -2.25) (end -1.15 -2.25) (layer F.CrtYd) (width 0.05))
    (fp_line (start 3.7 2.25) (end 3.7 -2.25) (layer F.CrtYd) (width 0.05))
    (fp_line (start -1.15 2.25) (end 3.7 2.25) (layer F.CrtYd) (width 0.05))
    (fp_line (start -1.15 -2.25) (end -1.15 2.25) (layer F.CrtYd) (width 0.05))
    (fp_line (start -0.29 1.08) (end -0.29 1.236) (layer F.SilkS) (width 0.12))
    (fp_line (start -0.29 -1.236) (end -0.29 -1.08) (layer F.SilkS) (width 0.12))
    (fp_line (start -0.23 -1.16619) (end -0.23 1.16619) (layer F.Fab) (width 0.1))
    (fp_text user %R (at 1.47 0 90) (layer F.Fab)
      (effects (font (size 0.8 0.8) (thickness 0.12)))
    )
    (fp_arc (start 1.27 0) (end -0.23 -1.16619) (angle 284.3) (layer F.Fab) (width 0.1))
    (fp_arc (start 1.27 0) (end -0.29 -1.235516) (angle 108.8) (layer F.SilkS) (width 0.12))
    (fp_arc (start 1.27 0) (end -0.29 1.235516) (angle -108.8) (layer F.SilkS) (width 0.12))
    (fp_arc (start 1.27 0) (end 0.229039 -1.08) (angle 87.9) (layer F.SilkS) (width 0.12))
    (fp_arc (start 1.27 0) (end 0.229039 1.08) (angle -87.9) (layer F.SilkS) (width 0.12))
    (pad 1 thru_hole rect (at 0 0 90) (size 1.8 1.8) (drill 0.9) (layers *.Cu *.Mask)
      (net 8 "Net-(D1-Pad1)"))
    (pad 2 thru_hole circle (at 2.54 0 90) (size 1.8 1.8) (drill 0.9) (layers *.Cu *.Mask)
      (net 9 "Net-(D1-Pad2)"))
    (model ${KISYS3DMOD}/LED_THT.3dshapes/LED_D3.0mm_Clear.wrl
      (at (xyz 0 0 0))
      (scale (xyz 1 1 1))
      (rotate (xyz 0 0 0))
    )
  )

  (module TerminalBlock_Phoenix:TerminalBlock_Phoenix_MPT-0,5-4-2.54_1x04_P2.54mm_Horizontal (layer F.Cu) (tedit 5B294F98) (tstamp 5B994EE9)
    (at 137.16 168.656)
    (descr "Terminal Block Phoenix MPT-0,5-4-2.54, 4 pins, pitch 2.54mm, size 10.6x6.2mm^2, drill diamater 1.1mm, pad diameter 2.2mm, see http://www.mouser.com/ds/2/324/ItemDetail_1725672-916605.pdf, script-generated using https://github.com/pointhi/kicad-footprint-generator/scripts/TerminalBlock_Phoenix")
    (tags "THT Terminal Block Phoenix MPT-0,5-4-2.54 pitch 2.54mm size 10.6x6.2mm^2 drill 1.1mm pad 2.2mm")
    (path /5BA20370)
    (fp_text reference M1 (at 3.81 -4.16) (layer F.SilkS)
      (effects (font (size 1 1) (thickness 0.15)))
    )
    (fp_text value Shaft_motor (at 13.97 -2.921) (layer F.Fab)
      (effects (font (size 1 1) (thickness 0.15)))
    )
    (fp_line (start 9.63 -3.6) (end -2 -3.6) (layer F.CrtYd) (width 0.05))
    (fp_line (start 9.63 3.6) (end 9.63 -3.6) (layer F.CrtYd) (width 0.05))
    (fp_line (start -2 3.6) (end 9.63 3.6) (layer F.CrtYd) (width 0.05))
    (fp_line (start -2 -3.6) (end -2 3.6) (layer F.CrtYd) (width 0.05))
    (fp_line (start -1.8 3.4) (end -1.3 3.4) (layer F.SilkS) (width 0.12))
    (fp_line (start -1.8 2.66) (end -1.8 3.4) (layer F.SilkS) (width 0.12))
    (fp_line (start 8.321 -0.835) (end 6.786 0.7) (layer F.Fab) (width 0.1))
    (fp_line (start 8.455 -0.7) (end 6.92 0.835) (layer F.Fab) (width 0.1))
    (fp_line (start 5.781 -0.835) (end 4.246 0.7) (layer F.Fab) (width 0.1))
    (fp_line (start 5.915 -0.7) (end 4.38 0.835) (layer F.Fab) (width 0.1))
    (fp_line (start 3.241 -0.835) (end 1.706 0.7) (layer F.Fab) (width 0.1))
    (fp_line (start 3.375 -0.7) (end 1.84 0.835) (layer F.Fab) (width 0.1))
    (fp_line (start 0.701 -0.835) (end -0.835 0.7) (layer F.Fab) (width 0.1))
    (fp_line (start 0.835 -0.7) (end -0.701 0.835) (layer F.Fab) (width 0.1))
    (fp_line (start 9.18 -3.16) (end 9.18 3.16) (layer F.SilkS) (width 0.12))
    (fp_line (start -1.56 -3.16) (end -1.56 3.16) (layer F.SilkS) (width 0.12))
    (fp_line (start -1.56 3.16) (end 9.18 3.16) (layer F.SilkS) (width 0.12))
    (fp_line (start -1.56 -3.16) (end 9.18 -3.16) (layer F.SilkS) (width 0.12))
    (fp_line (start -1.56 -2.7) (end 9.18 -2.7) (layer F.SilkS) (width 0.12))
    (fp_line (start -1.5 -2.7) (end 9.12 -2.7) (layer F.Fab) (width 0.1))
    (fp_line (start -1.56 2.6) (end 9.18 2.6) (layer F.SilkS) (width 0.12))
    (fp_line (start -1.5 2.6) (end 9.12 2.6) (layer F.Fab) (width 0.1))
    (fp_line (start -1.5 2.6) (end -1.5 -3.1) (layer F.Fab) (width 0.1))
    (fp_line (start -1 3.1) (end -1.5 2.6) (layer F.Fab) (width 0.1))
    (fp_line (start 9.12 3.1) (end -1 3.1) (layer F.Fab) (width 0.1))
    (fp_line (start 9.12 -3.1) (end 9.12 3.1) (layer F.Fab) (width 0.1))
    (fp_line (start -1.5 -3.1) (end 9.12 -3.1) (layer F.Fab) (width 0.1))
    (fp_circle (center 7.62 0) (end 8.72 0) (layer F.Fab) (width 0.1))
    (fp_circle (center 5.08 0) (end 6.18 0) (layer F.Fab) (width 0.1))
    (fp_circle (center 2.54 0) (end 3.64 0) (layer F.Fab) (width 0.1))
    (fp_circle (center 0 0) (end 1.1 0) (layer F.Fab) (width 0.1))
    (fp_text user %R (at 3.81 2) (layer F.Fab)
      (effects (font (size 1 1) (thickness 0.15)))
    )
    (pad 1 thru_hole rect (at 0 0) (size 2.2 2.2) (drill 1.1) (layers *.Cu *.Mask)
      (net 19 "Net-(M1-Pad1)"))
    (pad 2 thru_hole circle (at 2.54 0) (size 2.2 2.2) (drill 1.1) (layers *.Cu *.Mask)
      (net 20 "Net-(M1-Pad2)"))
    (pad 3 thru_hole circle (at 5.08 0) (size 2.2 2.2) (drill 1.1) (layers *.Cu *.Mask)
      (net 21 "Net-(M1-Pad3)"))
    (pad 4 thru_hole circle (at 7.62 0) (size 2.2 2.2) (drill 1.1) (layers *.Cu *.Mask)
      (net 22 "Net-(M1-Pad4)"))
    (model ${KISYS3DMOD}/TerminalBlock_Phoenix.3dshapes/TerminalBlock_Phoenix_MPT-0,5-4-2.54_1x04_P2.54mm_Horizontal.wrl
      (at (xyz 0 0 0))
      (scale (xyz 1 1 1))
      (rotate (xyz 0 0 0))
    )
  )

  (module TerminalBlock_Phoenix:TerminalBlock_Phoenix_MPT-0,5-4-2.54_1x04_P2.54mm_Horizontal (layer F.Cu) (tedit 5B294F98) (tstamp 5B996821)
    (at 99.06 169.164)
    (descr "Terminal Block Phoenix MPT-0,5-4-2.54, 4 pins, pitch 2.54mm, size 10.6x6.2mm^2, drill diamater 1.1mm, pad diameter 2.2mm, see http://www.mouser.com/ds/2/324/ItemDetail_1725672-916605.pdf, script-generated using https://github.com/pointhi/kicad-footprint-generator/scripts/TerminalBlock_Phoenix")
    (tags "THT Terminal Block Phoenix MPT-0,5-4-2.54 pitch 2.54mm size 10.6x6.2mm^2 drill 1.1mm pad 2.2mm")
    (path /5BA19460)
    (fp_text reference M2 (at 3.81 -4.16) (layer F.SilkS)
      (effects (font (size 1 1) (thickness 0.15)))
    )
    (fp_text value Shaft_motor (at 13.97 -2.794) (layer F.Fab)
      (effects (font (size 1 1) (thickness 0.15)))
    )
    (fp_circle (center 0 0) (end 1.1 0) (layer F.Fab) (width 0.1))
    (fp_circle (center 2.54 0) (end 3.64 0) (layer F.Fab) (width 0.1))
    (fp_circle (center 5.08 0) (end 6.18 0) (layer F.Fab) (width 0.1))
    (fp_circle (center 7.62 0) (end 8.72 0) (layer F.Fab) (width 0.1))
    (fp_line (start -1.5 -3.1) (end 9.12 -3.1) (layer F.Fab) (width 0.1))
    (fp_line (start 9.12 -3.1) (end 9.12 3.1) (layer F.Fab) (width 0.1))
    (fp_line (start 9.12 3.1) (end -1 3.1) (layer F.Fab) (width 0.1))
    (fp_line (start -1 3.1) (end -1.5 2.6) (layer F.Fab) (width 0.1))
    (fp_line (start -1.5 2.6) (end -1.5 -3.1) (layer F.Fab) (width 0.1))
    (fp_line (start -1.5 2.6) (end 9.12 2.6) (layer F.Fab) (width 0.1))
    (fp_line (start -1.56 2.6) (end 9.18 2.6) (layer F.SilkS) (width 0.12))
    (fp_line (start -1.5 -2.7) (end 9.12 -2.7) (layer F.Fab) (width 0.1))
    (fp_line (start -1.56 -2.7) (end 9.18 -2.7) (layer F.SilkS) (width 0.12))
    (fp_line (start -1.56 -3.16) (end 9.18 -3.16) (layer F.SilkS) (width 0.12))
    (fp_line (start -1.56 3.16) (end 9.18 3.16) (layer F.SilkS) (width 0.12))
    (fp_line (start -1.56 -3.16) (end -1.56 3.16) (layer F.SilkS) (width 0.12))
    (fp_line (start 9.18 -3.16) (end 9.18 3.16) (layer F.SilkS) (width 0.12))
    (fp_line (start 0.835 -0.7) (end -0.701 0.835) (layer F.Fab) (width 0.1))
    (fp_line (start 0.701 -0.835) (end -0.835 0.7) (layer F.Fab) (width 0.1))
    (fp_line (start 3.375 -0.7) (end 1.84 0.835) (layer F.Fab) (width 0.1))
    (fp_line (start 3.241 -0.835) (end 1.706 0.7) (layer F.Fab) (width 0.1))
    (fp_line (start 5.915 -0.7) (end 4.38 0.835) (layer F.Fab) (width 0.1))
    (fp_line (start 5.781 -0.835) (end 4.246 0.7) (layer F.Fab) (width 0.1))
    (fp_line (start 8.455 -0.7) (end 6.92 0.835) (layer F.Fab) (width 0.1))
    (fp_line (start 8.321 -0.835) (end 6.786 0.7) (layer F.Fab) (width 0.1))
    (fp_line (start -1.8 2.66) (end -1.8 3.4) (layer F.SilkS) (width 0.12))
    (fp_line (start -1.8 3.4) (end -1.3 3.4) (layer F.SilkS) (width 0.12))
    (fp_line (start -2 -3.6) (end -2 3.6) (layer F.CrtYd) (width 0.05))
    (fp_line (start -2 3.6) (end 9.63 3.6) (layer F.CrtYd) (width 0.05))
    (fp_line (start 9.63 3.6) (end 9.63 -3.6) (layer F.CrtYd) (width 0.05))
    (fp_line (start 9.63 -3.6) (end -2 -3.6) (layer F.CrtYd) (width 0.05))
    (fp_text user %R (at 3.81 2) (layer F.Fab)
      (effects (font (size 1 1) (thickness 0.15)))
    )
    (pad 4 thru_hole circle (at 7.62 0) (size 2.2 2.2) (drill 1.1) (layers *.Cu *.Mask)
      (net 23 "Net-(M2-Pad4)"))
    (pad 3 thru_hole circle (at 5.08 0) (size 2.2 2.2) (drill 1.1) (layers *.Cu *.Mask)
      (net 24 "Net-(M2-Pad3)"))
    (pad 2 thru_hole circle (at 2.54 0) (size 2.2 2.2) (drill 1.1) (layers *.Cu *.Mask)
      (net 25 "Net-(M2-Pad2)"))
    (pad 1 thru_hole rect (at 0 0) (size 2.2 2.2) (drill 1.1) (layers *.Cu *.Mask)
      (net 26 "Net-(M2-Pad1)"))
    (model ${KISYS3DMOD}/TerminalBlock_Phoenix.3dshapes/TerminalBlock_Phoenix_MPT-0,5-4-2.54_1x04_P2.54mm_Horizontal.wrl
      (at (xyz 0 0 0))
      (scale (xyz 1 1 1))
      (rotate (xyz 0 0 0))
    )
  )

  (module TerminalBlock_Phoenix:TerminalBlock_Phoenix_MPT-0,5-4-2.54_1x04_P2.54mm_Horizontal (layer F.Cu) (tedit 5B294F98) (tstamp 5B996934)
    (at 60.96 168.91)
    (descr "Terminal Block Phoenix MPT-0,5-4-2.54, 4 pins, pitch 2.54mm, size 10.6x6.2mm^2, drill diamater 1.1mm, pad diameter 2.2mm, see http://www.mouser.com/ds/2/324/ItemDetail_1725672-916605.pdf, script-generated using https://github.com/pointhi/kicad-footprint-generator/scripts/TerminalBlock_Phoenix")
